6480c33e4199d354b7001186
Sharp Robertson
http://localhost:8000/src/Database/images/60.jpeg
396.1 462.14 351.39 453.87 277.64 436.73 263.79 301.53 464.13
402.81 493.55 364.68 295.51 460.27 433.51 26.66

6480c33e6bd207403bd066dc
Anne Burke
http://localhost:8000/src/Database/images/49.jpeg
3.07 468.82 427.66 176.34 481.99 187.65 404.59 365.76
118.73 97.29 492.97 239.82 139.08 69.91 257.68 58.09 435.09

6480c33e5b166e0475a79773
Bowman Craft
http://localhost:8000/src/Database/images/50.jpeg
370.69 266.7 470.6 399.38 171.32 189.76 264.67
422.65 490.43 474.12 253.18 324.61 181.56 425.6 436.61 25.45

6480c33e8ed489496755cfba
Cunningham Guy
http://localhost:8000/src/Database/images/58.jpeg
467.15 309.95 93.28 378.68 33.99 372.42 356.01 443.1 20.33 22.78 219.67
438.01 153.96 103.59 106 476.7 60.18 454.41

6480c33e55d9f354b6ff8d57
Saundra Adams
http://localhost:8000/src/Database/images/36.jpeg
172.82 474.94 187.41 408.33 238.59 391 374.3 55.76 11.17 448.1 360.05 26.84 99.83 417.25
150.54 13.36 170.34 325.92 449.21 490.81 306.97 474.86 310.12 87.06 39.74 186.06

6480c33e159cc3e780bf6fa7
Odom Strong
http://localhost:8000/src/Database/images/11.jpeg
371.86 444.39 441.52 344.89 55.71 186.54 190.32 202.03 22.64 462.09
495 369.34 244.73 426.63 457.54 130.47 348.46 68.1 414.92 205.49

6480c33e3851b584d305ad73
Rivera Hester
http://localhost:8000/src/Database/images/9.jpeg
195.13 391.12 18.55 194.37 158.05 236.73 409.94 170.23 284.93 306.96 54.01 183.24
382.78 144.34 231.85 119.33 381.39 90.51 118.77 454.84 180.57 239.64 405.48 218.05 188.28 223.94

6480c33e50e24d3a1845577e
Kimberley Campos
http://localhost:8000/src/Database/images/10.jpeg
169.68 402.48 199.62 303.65 63.5 266.75 435.35 455.32 214.8 31.02 467.54 76.35 367.61
463.89 32.61 221.71 458.84 160.81 93.1 119.21 268.23 359.49 199.77

6480c33e76758a8494418818
Jacqueline Chang
http://localhost:8000/src/Database/images/25.jpeg
329.16 84.88 92.22 377.89 479.24 459.94 229.26
448.49 114.77 216.39 77.8 413.91 381.98 415.77 383.5 8.06 445.12 57.3 111.07

6480c33e317d38bc1d5a4094
Chambers Baker
http://localhost:8000/src/Database/images/33.jpeg
41.86 39.45 176.14 265.67 399.66 54.72 334.51 216.93 464.3 178.11 466.44 248.14
434.77 302.28 177.29 406.16 400.73 22.97 311.49 252.06

6480c33e4261c23d9f6b782e
Lynn Riddle
http://localhost:8000/src/Database/images/61.jpeg
128.52 451.55 196.79 304.27 451.04 294.62 201.05 478.75
352.01 306.86 54.54 445.51 462.28 183.67 323.74 83.39 219.69 370.94 19.05 44.25 424.34

6480c33ee535aff485cb7f92
Carter Atkins
http://localhost:8000/src/Database/images/69.jpeg
165.2 41.42 317.75 310.47 45.3 452.42 393.47 342.84 81.05 495.74 67.25 111.43 241.34
2.91 414.24 124.77 21.8 85.98 477.46 494.94 492.44 254.63 27.33 490.24 301.38 354.93

6480c33ee0c68a50d7a3bbb4
Erika Orr
http://localhost:8000/src/Database/images/48.jpeg
6.54 136.57 407.58 308.4 444.59 298.23 334.82 475.77 383.22 445.03 29.37
416.53 258.75 199.16 51.81 110.17 482.94 162.58 143.2 497.74 154.57 156.81

6480c33e93f5f1adf84d6139
Kirby Reese
http://localhost:8000/src/Database/images/12.jpeg
123.74 55.49 150.19 55.87 195.98 465.02 120.64 90.9 140.44
222.79 420.56 304.58 365.23 419.03 445.03 308.94 395.43

6480c33e6254bdb5859598a3
Lily Gay
http://localhost:8000/src/Database/images/24.jpeg
114.44 415.56 200.56 8.93 414.81 267.93 489.4 191.4
253.36 485.71 407.7 242.27 61.3 488.17 273.71 25.89